version https://git-lfs.github.com/spec/v1
oid sha256:b0a97aefbcdc7d5764bffbe3fd5fa055d2aec94883db7f624c87f605acb9fb5d
size 908547
